        12
         1      0.00      0.00
         2      4.00      0.00
         3     10.00      0.00
         4     30.00      0.00
         5      0.00     -4.00
         6      4.00     -4.00
         7     10.00     -4.00
         8     30.00     -4.00
         9      0.00    -10.00
        10      4.00    -10.00
        11     10.00    -10.00
        12     30.00    -10.00
         6
         1         5         6         2         1     1
         2         6         7         3         2     1
         3         7         8         4         3     1    
         4         9        10         6         5     2
         5        10        11         7         6     2
         6        11        12         8         7     2
         2
         1        1.0       0.3
         2       10.0       0.45
         3
         1      0.00     -2.6667
         2      0.00     -23.33333
         3      0.00     -24.0
         8
         1         1         0    0.0000    0.0000
         4         1         0    0.0000    0.0000
         5         1         0    0.0000    0.0000
         8         1         0    0.0000    0.0000
         9         1         1    0.0000    0.0000
        10         1         1    0.0000    0.0000
        11         1         1    0.0000    0.0000
        12         1         1    0.0000    0.0000


                                                                                